1694
1689
1688
1695
1686
1687
1685
1680
1681
1679
1678
1677
1682
1674
1684
1683
1675
1676
1669
1668
1667
1666
1650
1646
1648
1647
1649
1670
1640
1639
1638
1637
1651
1641
1633
1632
1628
1629
1642
1630
1634
1631
1619
1618
1617
1615
1616
1620
1622
1621
1614
1607
1604
1605
1606
1598
1597
1596
1603
1599
1595
1591
1589
1590
1592
1593
1588
1582
1578
1586
1585
1584
1583
1577
1581
1580
1579
1587
1576
1575
1574
1569
1566
1565
1568
1567
1570
1571
1560
1559
1558
1572
1537
1538
1540
1539
1541
1561
1542
1533
1532
1531
1514
1492
1493
1495
1494
1465
1464
1463
1462
1457
1458
1459
1466
1451
1450
1449
1460
1453
1452
1446
1444
1445
1447
1438
1437
1436
1439
1440
1413
1415
1419
1418
1416
1417
1420
1408
1407
1406
1414
1405
1409
1396
1397
1398
1400
1399
1401
1402
1403
1392
1391
1390
1404
1389
1382
1384
1383
1371
1370
1372
1373
1346
1343
1344
1374
1347
1345
1348
1337
1336
1335
1338
1326
1324
1327
1325
1328
1329
1309
1308
1307
1339
1298
1300
1299
1310
1301
1292
1291
1290
1293
1289
1284
1283
1285
1280
1286
1282
1281
1276
1275
1274
1264
1262
1263
1265
1258
1257
1256
1255
1250
1251
1252
1243
1242
1241
1253
1239
1244
1245
1240
1246
1218
1217
1216
1222
1213
1215
1220
1219
1214
1223
1162
1192
1188
1189
1221
1190
1191
1193
1186
1185
1184
1194
1167
1168
1164
1163
1160
1161
1165
1159
1158
1157
1154
1155
1148
1156
1149
1150
1151
1147
1146
1145
1152
1127
1126
1129
1128
1131
1144
1130
1119
1118
1117
1125
1122
1124
1123
1120
1121
1091
1090
1089
1092
1088
1084
1085
1086
1087
1082
1083
1055
1056
1054
1053
1052
1051
1047
1046
1048
1049
1045
1038
1037
1036
1050
1035
1043
1042
1041
1039
1044
1040
1029
1028
1027
1025
1032
1030
1026
1031
1033
1023
1022
1021
1034
1024
1018
1020
1019
1017
1016
1015
1010
1011
1014
1012
1013
1007
1006
1005
1004
1008
1003
1002
1000
999
1001
994
993
992
988
1009
989
995
990
991
996
997
998
979
978
977
974
975
982
976
980
983
981
925
924
923
985
984
919
920
926
921
927
922
917
916
915
914
911
912
913
906
905
904
928
907
894
908
899
895
903
902
901
900
898
897
896
890
891
889
892
886
885
884
893
872
873
876
880
881
882
875
883
879
878
877
888
887
874
869
868
870
871
844
845
843
846
839
838
837
840
841
842
831
830
829
825
834
827
835
832
833
828
826
817
816
815
818
819
812
813
814
820
821
806
804
803
802
836
823
822
800
805
801
798
796
795
797
799
793
792
791
794
790
776
777
782
784
783
781
780
779
768
778
773
770
769
771
772
767
